TIME TO INSERT 1M RECORDS: 333.938390 ms

closest key value found in node with
keys
1000000 270 555 601 649 665 706 733 808 817 840 895 922 933 1026 1101 1244 1311 1330 1375 1528 1691 1882 2040 2123 2179 2498 2913 3020 3092 3220 3409 3660 3702 3783 3861 3893 3905 3964 4205 4409 4517 4617 4643 4670 4936 4939 5071 5375 5516 5557 5672 5858 5861 5864 5880 5932 6141 6162 6438 6463 6566 6586 8550 8832 8929 8966 9089 9189 9480 9545 9593 9834 9965 10109 10133 10248 10342 10384 10621 10673 10752 10796 10877 10924 11265 11282 11365 11371 11471 11627 11647 11781 12014 12100 12265 12288 12351 12359 12392 
links
-1 -1 -1 -1 -1 -1 -1 -1 -1 -1 -1 -1 -1 -1 -1 -1 -1 -1 -1 -1 -1 -1 -1 -1 -1 -1 -1 -1 -1 -1 -1 -1 -1 -1 -1 -1 -1 -1 -1 -1 -1 -1 -1 -1 -1 -1 -1 -1 -1 -1 -1 -1 -1 -1 -1 -1 -1 -1 -1 -1 -1 -1 -1 -1 -1 -1 -1 -1 -1 -1 -1 -1 -1 -1 -1 -1 -1 -1 -1 -1 -1 -1 -1 -1 -1 -1 -1 -1 -1 -1 -1 -1 -1 -1 -1 -1 -1 -1 -1 -1 -1 
TIME TO SEARCH FOR KEY(1876): 0.013562 ms

after delete, closest key value found in node with
keys
1000000 270 555 601 649 665 706 733 808 817 840 895 922 933 1026 1101 1244 1311 1330 1375 1528 1691 1882 2040 2123 2179 2498 2913 3020 3092 3220 3409 3660 3702 3783 3861 3893 3905 3964 4205 4409 4517 4617 4643 4670 4936 4939 5071 5375 5516 5557 5672 5858 5861 5864 5880 5932 6141 6162 6438 6463 6566 6586 8550 8832 8929 8966 9089 9189 9480 9545 9593 9834 9965 10109 10133 10248 10342 10384 10621 10673 10752 10796 10877 10924 11265 11282 11365 11371 11471 11627 11647 11781 12014 12100 12265 12288 12351 12359 12392 
links
-1 -1 -1 -1 -1 -1 -1 -1 -1 -1 -1 -1 -1 -1 -1 -1 -1 -1 -1 -1 -1 -1 -1 -1 -1 -1 -1 -1 -1 -1 -1 -1 -1 -1 -1 -1 -1 -1 -1 -1 -1 -1 -1 -1 -1 -1 -1 -1 -1 -1 -1 -1 -1 -1 -1 -1 -1 -1 -1 -1 -1 -1 -1 -1 -1 -1 -1 -1 -1 -1 -1 -1 -1 -1 -1 -1 -1 -1 -1 -1 -1 -1 -1 -1 -1 -1 -1 -1 -1 -1 -1 -1 -1 -1 -1 -1 -1 -1 -1 -1 -1 
TIME TO DELETE KEY(1876): 0.016019 ms

after insert,closest key value found in node with
keys
1000000 270 555 601 649 665 706 733 808 817 840 895 922 933 1026 1101 1244 1311 1330 1375 1528 1691 1876 1882 2040 2123 2179 2498 2913 3020 3092 3220 3409 3660 3702 3783 3861 3893 3905 3964 4205 4409 4517 4617 4643 4670 4936 4939 5071 5375 5516 5557 5672 5858 5861 5864 5880 5932 6141 6162 6438 6463 6566 6586 8832 8929 8966 9089 9189 9480 9545 9593 9834 9965 10109 10133 10248 10342 10384 10621 10673 10752 10796 10877 10924 11265 11282 11365 11371 11471 11627 11647 11781 12014 12100 12265 12288 12351 12359 12392 
links
-1 -1 -1 -1 -1 -1 -1 -1 -1 -1 -1 -1 -1 -1 -1 -1 -1 -1 -1 -1 -1 -1 -1 -1 -1 -1 -1 -1 -1 -1 -1 -1 -1 -1 -1 -1 -1 -1 -1 -1 -1 -1 -1 -1 -1 -1 -1 -1 -1 -1 -1 -1 -1 -1 -1 -1 -1 -1 -1 -1 -1 -1 -1 -1 -1 -1 -1 -1 -1 -1 -1 -1 -1 -1 -1 -1 -1 -1 -1 -1 -1 -1 -1 -1 -1 -1 -1 -1 -1 -1 -1 -1 -1 -1 -1 -1 -1 -1 -1 -1 -1 
TIME TO INSERT KEY(1876): 0.034347 ms
