TIME TO INSERT 1M RECORDS: 252.630793 ms

closest key value found in node with
keys
1000000 270 555 601 649 665 706 733 808 817 840 895 922 933 1026 1101 1244 1311 1330 1375 1528 1691 1882 2040 2123 2179 2498 2913 3020 3092 3220 3409 3660 3702 5861 6141 6162 6463 6694 6866 7053 7268 7273 7698 7862 7873 7920 7949 8062 8550 
links
-1 -1 -1 -1 -1 -1 -1 -1 -1 -1 -1 -1 -1 -1 -1 -1 -1 -1 -1 -1 -1 -1 -1 -1 -1 -1 -1 -1 -1 -1 -1 -1 -1 -1 -1 -1 -1 -1 -1 -1 -1 -1 -1 -1 -1 -1 -1 -1 -1 -1 -1 
TIME TO SEARCH FOR KEY(1876): 0.010185 ms

after delete, closest key value found in node with
keys
1000000 270 555 601 649 665 706 733 808 817 840 895 922 933 1026 1101 1244 1311 1330 1375 1528 1691 1882 2040 2123 2179 2498 2913 3020 3092 3220 3409 3660 3702 5861 6141 6162 6463 6694 6866 7053 7268 7273 7698 7862 7873 7920 7949 8062 8550 
links
-1 -1 -1 -1 -1 -1 -1 -1 -1 -1 -1 -1 -1 -1 -1 -1 -1 -1 -1 -1 -1 -1 -1 -1 -1 -1 -1 -1 -1 -1 -1 -1 -1 -1 -1 -1 -1 -1 -1 -1 -1 -1 -1 -1 -1 -1 -1 -1 -1 -1 -1 
TIME TO DELETE KEY(1876): 0.007898 ms

after insert,closest key value found in node with
keys
1000000 270 555 601 649 665 706 733 808 817 840 895 922 933 1026 1101 1244 1311 1330 1375 1528 1691 1876 1882 2040 2123 2179 2498 2913 3020 3092 3220 3409 3660 3702 6141 6162 6463 6694 6866 7053 7268 7273 7698 7862 7873 7920 7949 8062 8550 
links
-1 -1 -1 -1 -1 -1 -1 -1 -1 -1 -1 -1 -1 -1 -1 -1 -1 -1 -1 -1 -1 -1 -1 -1 -1 -1 -1 -1 -1 -1 -1 -1 -1 -1 -1 -1 -1 -1 -1 -1 -1 -1 -1 -1 -1 -1 -1 -1 -1 -1 -1 
TIME TO INSERT KEY(1876): 0.019881 ms

